../data/im1.ppm:
Linux 6.5.3-1-MANJARO (benji-desktop) 	07.10.2023 	_x86_64_	(4 CPU)

01:44:28          tps      rtps      wtps      dtps   bread/s   bwrtn/s   bdscd/s
01:44:29        85,00      0,00     85,00      0,00      0,00    712,00      0,00
01:44:30         1,00      0,00      1,00      0,00      0,00      0,00      0,00
../data/im2.ppm:
Linux 6.5.3-1-MANJARO (benji-desktop) 	07.10.2023 	_x86_64_	(4 CPU)

01:44:33          tps      rtps      wtps      dtps   bread/s   bwrtn/s   bdscd/s
01:44:34         1,00      0,00      1,00      0,00      0,00      0,00      0,00
01:44:35         1,00      0,00      1,00      0,00      0,00      0,00      0,00
01:44:36         1,00      0,00      1,00      0,00      0,00      0,00      0,00
../data/im3.ppm:
Linux 6.5.3-1-MANJARO (benji-desktop) 	07.10.2023 	_x86_64_	(4 CPU)

01:44:39          tps      rtps      wtps      dtps   bread/s   bwrtn/s   bdscd/s
01:44:40         1,00      0,00      1,00      0,00      0,00      0,00      0,00
01:44:41         1,00      0,00      1,00      0,00      0,00      0,00      0,00
01:44:42         1,00      0,00      1,00      0,00      0,00      0,00      0,00
01:44:43         1,00      0,00      1,00      0,00      0,00      0,00      0,00
../data/im4.ppm:
Linux 6.5.3-1-MANJARO (benji-desktop) 	07.10.2023 	_x86_64_	(4 CPU)

01:44:47          tps      rtps      wtps      dtps   bread/s   bwrtn/s   bdscd/s
01:44:48         1,00      0,00      1,00      0,00      0,00      0,00      0,00
01:44:49         2,00      0,00      2,00      0,00      0,00     32,00      0,00
01:44:50         1,00      0,00      1,00      0,00      0,00      0,00      0,00
01:44:51         3,00      0,00      3,00      0,00      0,00     72,00      0,00
01:44:52         1,00      0,00      1,00      0,00      0,00      0,00      0,00
01:44:53         1,00      0,00      1,00      0,00      0,00      0,00      0,00
01:44:54         3,00      0,00      3,00      0,00      0,00     16,00      0,00
01:44:55         1,00      0,00      1,00      0,00      0,00      0,00      0,00
01:44:56         7,00      0,00      7,00      0,00      0,00     48,00      0,00
01:44:57         3,00      0,00      3,00      0,00      0,00     24,00      0,00
01:44:58         1,00      0,00      1,00      0,00      0,00      0,00      0,00
01:44:59         2,00      0,00      2,00      0,00      0,00      8,00      0,00
